0.358201     0.260753     0.896493     42.2387     
-0.218543     0.956949     -0.191016     -4.09201     
-0.907706     -0.1275     0.399765     -1.99043     
0     0     0     1     
1     -2.98023e-08     6.51926e-08     -5.72205e-06     
0     1     -1.49012e-08     1.90735e-06     
-8.19564e-08     1.49012e-08     1     2.5034e-06     
0     0     0     1     
-0.284201     0.0668248     -0.956433     10.4421     
0.0887961     0.995115     0.0431421     1.83975     
0.954644     -0.0726666     -0.288746     -2.58277     
0     0     0     1     
-0.992786     0.0125629     0.119245     39.8878     
0.00901803     0.999503     -0.0302218     1.08291     
-0.119565     -0.0289284     -0.992405     2.86111     
0     0     0     1     
