-0.0090057     0.00466146     0.999949     37.0355     
-8.9407e-05     0.999989     -0.00466245     -0.5148     
-0.99996     -0.000131384     -0.00900518     -4.8386     
0     0     0     1     
1     -7.45058e-09     -4.65661e-09     3.8147e-06     
-7.45058e-09     1     -7.45058e-09     -3.8147e-06     
-2.79397e-09     0     1     -3.57628e-07     
0     0     0     1     
0.0165205     -0.000663616     -0.999863     10.0256     
0.000173569     1     -0.000660837     0.0388489     
0.999864     -0.000162624     0.0165207     4.53011     
0     0     0     1     
-0.99991     0.00196447     0.0132761     40.0619     
0.00193589     0.999996     -0.00216355     0.893103     
-0.0132803     -0.00213762     -0.99991     2.44489     
0     0     0     1     
